60
   0.00000000       1.00000000       0.00000000       0.00000000    
   1.00000   0.00000   0.00000
   0.00000   1.00000   0.00000
   0.00000  -0.00000   1.00000

   180.000015       0.00000000       0.00000000       1.00000000    
  -1.00000   0.00000   0.00000
   0.00000  -1.00000   0.00000
   0.00000   0.00000   1.00000

   180.000015       1.00000000      -0.00000000       0.00000000    
   1.00000   0.00000   0.00000
   0.00000  -1.00000   0.00000
   0.00000  -0.00000  -1.00000

   180.000015       0.00000000       1.00000000       0.00000000    
  -1.00000   0.00000   0.00000
   0.00000   1.00000   0.00000
   0.00000   0.00000  -1.00000

   120.000015      0.577350259      0.577350259      0.577350259    
   0.00000   0.00000   1.00000
   1.00000   0.00000   0.00000
   0.00000   1.00000   0.00000

   120.000015     -0.577350259      0.577350259      0.577350259    
   0.00000   0.00000  -1.00000
  -1.00000   0.00000   0.00000
   0.00000   1.00000   0.00000

   120.000015      0.577350259     -0.577350259      0.577350259    
   0.00000   0.00000   1.00000
  -1.00000   0.00000   0.00000
   0.00000  -1.00000   0.00000

   120.000015     -0.577350259     -0.577350259      0.577350259    
   0.00000   0.00000  -1.00000
   1.00000   0.00000   0.00000
   0.00000  -1.00000   0.00000

   120.000015      0.577350259      0.577350259      0.577350259    
   0.00000   1.00000   0.00000
   0.00000   0.00000   1.00000
   1.00000  -0.00000   0.00000

   120.000015      0.577350259     -0.577350259      0.577350259    
   0.00000  -1.00000   0.00000
   0.00000   0.00000  -1.00000
   1.00000   0.00000   0.00000

   120.000015     -0.577350259     -0.577350259      0.577350259    
   0.00000   1.00000   0.00000
   0.00000   0.00000  -1.00000
  -1.00000   0.00000   0.00000

   120.000015     -0.577350259      0.577350259      0.577350259    
   0.00000  -1.00000   0.00000
   0.00000   0.00000   1.00000
  -1.00000  -0.00000   0.00000

   71.9998245      0.525731504      -2.86470390E-06  0.850650549    
   0.50000  -0.80902   0.30902
   0.80902   0.30902  -0.50000
   0.30902   0.50000   0.80902

   120.000015       1.21106200E-06  0.356822014      0.934172332    
  -0.50000   0.80902  -0.30902
  -0.80902  -0.30902   0.50000
   0.30902   0.50000   0.80902

   120.000015       1.21106200E-06 -0.356822014      0.934172332    
  -0.50000  -0.80902  -0.30902
   0.80902  -0.30902  -0.50000
   0.30902  -0.50000   0.80902

   71.9998245      0.525731504       2.86470390E-06  0.850650549    
   0.50000   0.80902   0.30902
  -0.80902   0.30902   0.50000
   0.30902  -0.50000   0.80902

   71.9998245     -0.525731504      -2.86470390E-06  0.850650549    
   0.50000   0.80902  -0.30902
  -0.80902   0.30902  -0.50000
  -0.30902   0.50000   0.80902

   120.000015      -1.21106200E-06  0.356822014      0.934172332    
  -0.50000  -0.80902   0.30902
   0.80902  -0.30902   0.50000
  -0.30902   0.50000   0.80902

   120.000015      -1.21106200E-06 -0.356822014      0.934172332    
  -0.50000   0.80902   0.30902
  -0.80902  -0.30902  -0.50000
  -0.30902  -0.50000   0.80902

   71.9998245     -0.525731504       2.86470390E-06  0.850650549    
   0.50000  -0.80902  -0.30902
   0.80902   0.30902   0.50000
  -0.30902  -0.50000   0.80902

   144.000305     -0.850651383      0.525730193      -1.77048173E-06
   0.50000  -0.80902   0.30902
  -0.80902  -0.30902   0.50000
  -0.30902  -0.50000  -0.80902

   180.000015     -0.500001669     -0.809018970      0.309009105    
  -0.50000   0.80902  -0.30902
   0.80902   0.30902  -0.50000
  -0.30902  -0.50000  -0.80902

   180.000015     -0.500001669      0.809018970      0.309009105    
  -0.50000  -0.80902  -0.30902
  -0.80902   0.30902   0.50000
  -0.30902   0.50000  -0.80902

   144.000305      0.850651383      0.525730193       1.77048173E-06
   0.50000   0.80902   0.30902
   0.80902  -0.30902  -0.50000
  -0.30902   0.50000  -0.80902

   144.000305      0.850651383      0.525730193      -1.77048173E-06
   0.50000   0.80902  -0.30902
   0.80902  -0.30902   0.50000
   0.30902  -0.50000  -0.80902

   180.000015      0.500001669     -0.809018970      0.309009105    
  -0.50000  -0.80902   0.30902
  -0.80902   0.30902  -0.50000
   0.30902  -0.50000  -0.80902

   180.000015      0.500001669      0.809018970      0.309009105    
  -0.50000   0.80902   0.30902
   0.80902   0.30902   0.50000
   0.30902   0.50000  -0.80902

   144.000305     -0.850651383      0.525730193       1.77048173E-06
   0.50000  -0.80902  -0.30902
  -0.80902  -0.30902  -0.50000
   0.30902   0.50000  -0.80902

   71.9998245      -4.62202524E-06  0.850653410      0.525726855    
   0.30902   0.50000  -0.80902
  -0.50000   0.80902   0.30902
   0.80902   0.30902   0.50000

   144.000305      0.525731981       1.11545955E-06  0.850650311    
  -0.30902  -0.50000   0.80902
   0.50000  -0.80902  -0.30902
   0.80902   0.30902   0.50000

   120.000015     -0.356822014      0.934172332      -1.21106200E-06
  -0.30902  -0.50000  -0.80902
  -0.50000   0.80902  -0.30902
   0.80902   0.30902  -0.50000

   180.000015      0.809018970      0.309017301      0.499996603    
   0.30902   0.50000   0.80902
   0.50000  -0.80902   0.30902
   0.80902   0.30902  -0.50000

   144.000305      0.525731981      -1.11545955E-06  0.850650311    
  -0.30902   0.50000   0.80902
  -0.50000  -0.80902   0.30902
   0.80902  -0.30902   0.50000

   71.9998245      -4.62202524E-06 -0.850653410      0.525726855    
   0.30902  -0.50000  -0.80902
   0.50000   0.80902  -0.30902
   0.80902  -0.30902   0.50000

   180.000015      0.809018970     -0.309017301      0.499996603    
   0.30902  -0.50000   0.80902
  -0.50000  -0.80902  -0.30902
   0.80902  -0.30902  -0.50000

   120.000015      0.356822014      0.934172332       1.21106200E-06
  -0.30902   0.50000  -0.80902
   0.50000   0.80902   0.30902
   0.80902  -0.30902  -0.50000

   180.000015     -0.809018970     -0.309017301      0.499996603    
   0.30902   0.50000  -0.80902
   0.50000  -0.80902  -0.30902
  -0.80902  -0.30902  -0.50000

   120.000015     -0.356822014      0.934172332       1.21106200E-06
  -0.30902  -0.50000   0.80902
  -0.50000   0.80902   0.30902
  -0.80902  -0.30902  -0.50000

   144.000305     -0.525731981      -1.11545955E-06  0.850650311    
  -0.30902  -0.50000  -0.80902
   0.50000  -0.80902   0.30902
  -0.80902  -0.30902   0.50000

   71.9998245       4.62202524E-06 -0.850653410      0.525726855    
   0.30902   0.50000   0.80902
  -0.50000   0.80902  -0.30902
  -0.80902  -0.30902   0.50000

   120.000015      0.356822014      0.934172332      -1.21106200E-06
  -0.30902   0.50000   0.80902
   0.50000   0.80902  -0.30902
  -0.80902   0.30902  -0.50000

   180.000015     -0.809018970      0.309017301      0.499996603    
   0.30902  -0.50000  -0.80902
  -0.50000  -0.80902   0.30902
  -0.80902   0.30902  -0.50000

   71.9998245       4.62202524E-06  0.850653410      0.525726855    
   0.30902  -0.50000   0.80902
   0.50000   0.80902   0.30902
  -0.80902   0.30902   0.50000

   144.000305     -0.525731981       1.11545955E-06  0.850650311    
  -0.30902   0.50000  -0.80902
  -0.50000  -0.80902  -0.30902
  -0.80902   0.30902   0.50000

   180.000015      0.309017271      0.500001669      0.809015870    
  -0.80902   0.30902   0.50000
   0.30902  -0.50000   0.80902
   0.50000   0.80902   0.30902

   71.9998245     -0.850653410      0.525726855       4.62202524E-06
   0.80902  -0.30902  -0.50000
  -0.30902   0.50000  -0.80902
   0.50000   0.80902   0.30902

   120.000015      0.934173524      -3.13703958E-06  0.356818914    
   0.80902  -0.30902   0.50000
   0.30902  -0.50000  -0.80902
   0.50000   0.80902  -0.30902

   144.000305      -1.77048173E-06  0.850651383      0.525730193    
  -0.80902   0.30902  -0.50000
  -0.30902   0.50000   0.80902
   0.50000   0.80902  -0.30902

   180.000015     -0.309017271      0.500001669      0.809015870    
  -0.80902  -0.30902  -0.50000
  -0.30902  -0.50000   0.80902
  -0.50000   0.80902   0.30902

   71.9998245      0.850653410      0.525726855       4.62202524E-06
   0.80902   0.30902   0.50000
   0.30902   0.50000  -0.80902
  -0.50000   0.80902   0.30902

   120.000015     -0.934173524      -3.13703958E-06  0.356818914    
   0.80902   0.30902  -0.50000
  -0.30902  -0.50000  -0.80902
  -0.50000   0.80902  -0.30902

   144.000305       1.77048173E-06  0.850651383      0.525730193    
  -0.80902  -0.30902   0.50000
   0.30902   0.50000   0.80902
  -0.50000   0.80902  -0.30902

   144.000305       1.77048173E-06 -0.850651383      0.525730193    
  -0.80902   0.30902   0.50000
  -0.30902   0.50000  -0.80902
  -0.50000  -0.80902  -0.30902

   120.000015     -0.934173524       3.13703958E-06  0.356818914    
   0.80902  -0.30902  -0.50000
   0.30902  -0.50000   0.80902
  -0.50000  -0.80902  -0.30902

   71.9998245     -0.850653410      0.525726855      -4.62202524E-06
   0.80902  -0.30902   0.50000
  -0.30902   0.50000   0.80902
  -0.50000  -0.80902   0.30902

   180.000015     -0.309017271     -0.500001669      0.809015870    
  -0.80902   0.30902  -0.50000
   0.30902  -0.50000  -0.80902
  -0.50000  -0.80902   0.30902

   144.000305      -1.77048173E-06 -0.850651383      0.525730193    
  -0.80902  -0.30902  -0.50000
   0.30902   0.50000  -0.80902
   0.50000  -0.80902  -0.30902

   120.000015      0.934173524       3.13703958E-06  0.356818914    
   0.80902   0.30902   0.50000
  -0.30902  -0.50000   0.80902
   0.50000  -0.80902  -0.30902

   71.9998245      0.850653410      0.525726855      -4.62202524E-06
   0.80902   0.30902  -0.50000
   0.30902   0.50000   0.80902
   0.50000  -0.80902   0.30902

   180.000015      0.309017271     -0.500001669      0.809015870    
  -0.80902  -0.30902   0.50000
  -0.30902  -0.50000  -0.80902
   0.50000  -0.80902   0.30902

