 5
  1.000000  0.000000  0.000000
  0.000000  1.000000  0.000000
  0.000000  0.000000  1.000000
  0.309016 -0.951057  0.000000
  0.951057  0.309016  0.000000
  0.000000  0.000000  1.000000
 -0.809017 -0.587785  0.000000
  0.587785 -0.809017  0.000000
  0.000000  0.000000  1.000000
 -0.809017  0.587786  0.000000
 -0.587786 -0.809017  0.000000
  0.000000  0.000000  1.000000
  0.309017 -0.951056  0.000000
 -0.951056 -0.309017  0.000000
  0.000000 -0.000000 -1.000000
